220608-f32d5b9b-628a-4c9c-84ea-016617763dab	2,6,7,11,14,41,272,279,289,301,310,319,331,339,352,373,377,381,394,395,402,406,409,417,421,422,469,477,523	0,0,25000,25000,25000,25000	0	24,28,32,48,56,60,64,72,76,128,136	9	5,24000,0,-24000,0,0,1,3,2,0,46900,117
220608-f32d5b9b-628a-4c9c-84ea-016617763dab	2,6,7,11,14,41,268,279,289,301,310,319,331,339,352,373,377,381,394,395,402,406,409,417,421,422,477,478,490	0,0,25000,25000,25000,25000	0,133,281,345,577	6,24,28,32,48,56,60,64,72,76,136	0	5,24000,0,-24000,0,0,1,3,2,0,46900,117
220608-f32d5b9b-628a-4c9c-84ea-016617763dab	2,6,7,11,14,41,264,279,289,301,310,319,331,339,352,373,377,381,394,395,402,406,409,417,421,422,477,478,503	0,0,25000,25000,25000,25000	0,133,281,345,577,11,189,421,461	24,28,32,48,56,58,60,64,72,76,136	8	5,24000,0,-24000,0,0,1,3,2,0,46900,117
220608-f32d5b9b-628a-4c9c-84ea-016617763dab	2,6,7,11,14,41,261,279,289,301,310,319,331,339,352,373,377,381,394,395,402,403,406,409,421,422,477,478	0,0,25000,25000,25000,25000	0,133,281,345,577,11,189,421,461,77,297,423,513	221,270	0	5,24000,0,-24000,0,0,1,3,2,0,46900,117
220608-f32d5b9b-628a-4c9c-84ea-016617763dab	2,6,7,11,14,41,260,279,289,301,310,319,331,339,352,373,377,381,394,395,402,403,406,409,421,422,477,478,517	0,0,25000,25000,25000,25000	0,133,281,345,577,11,189,421,461,77,297,423,513	24,28,32,48,56,60,64,76,114,136	8	5,24000,0,-24000,0,0,1,3,2,0,46900,117
220608-f32d5b9b-628a-4c9c-84ea-016617763dab	2,6,7,11,14,41,256,279,289,301,310,319,331,339,352,373,377,381,394,395,402,403,406,409,421,422,477,478,511	0,0,25000,25000,25000,25000	0,133,281,345,577,11,189,421,461,77,297,423,513,119,225,441,561	24,28,32,48,56,60,64,76,90,136	8	5,24000,0,-24000,0,0,1,3,2,0,46900,117
220608-f32d5b9b-628a-4c9c-84ea-016617763dab	2,6,7,11,14,41,252,279,289,301,310,319,331,339,352,373,377,381,394,395,402,403,406,409,421,422,477,478,493	0,0,25000,25000,25000,25000	0,133,281,345,577,11,189,421,461,77,297,423,513,119,225,441,561,95,269,361,595	18,24,28,32,48,56,60,64,76,136	0	5,24000,0,-24000,0,0,1,3,2,0,46900,117
220608-f32d5b9b-628a-4c9c-84ea-016617763dab	2,6,7,11,14,41,249,279,289,301,310,319,331,339,352,373,377,381,394,395,402,403,406,409,421,422,477,478	0,0,25000,25000,25000,25000	0,133,281,345,577,11,189,421,461,77,297,423,513,119,225,441,561,95,269,361,595,23,213,325,503	221,256,257	0	5,24000,0,-24000,0,0,1,3,2,0,46900,117
220608-f32d5b9b-628a-4c9c-84ea-016617763dab	2,6,7,11,14,41,248,279,289,301,310,319,331,339,352,373,377,381,394,395,402,403,406,409,421,422,477,478,503	0,0,25000,25000,25000,25000	0,133,281,345,577,11,189,421,461,77,297,423,513,119,225,441,561,95,269,361,595,23,213,325,503	24,28,32,48,56,58,60,64,76,136	2	5,24000,0,-24000,0,0,1,3,2,0,46900,117
220608-f32d5b9b-628a-4c9c-84ea-016617763dab	2,6,7,11,14,41,244,279,289,301,310,319,331,339,352,373,377,394,395,402,403,404,406,409,421,422,477,478,503	0,0,25000,25000,25000,25000	0,133,281,345,577,11,189,421,461,77,297,423,513,119,225,441,561,95,269,361,595,23,213,325,503,37,237,327,467	24,28,48,56,58,60,64,76,136,160	1	5,24000,0,-24000,0,0,1,3,2,0,46900,117
220608-f32d5b9b-628a-4c9c-84ea-016617763dab	2,6,7,11,14,41,240,279,289,301,310,319,331,339,352,373,394,395,402,403,404,405,406,409,421,422,477,478,522	0,0,25000,25000,25000,25000	0,133,281,345,577,11,189,421,461,77,297,423,513,119,225,441,561,95,269,361,595,23,213,325,503,37,237,327,467,33,279,311,459	24,48,56,60,64,76,134,136,160	0	5,24000,0,-24000,0,0,1,3,2,0,46900,117
220608-f32d5b9b-628a-4c9c-84ea-016617763dab	2,6,7,11,14,41,236,279,289,301,310,319,331,339,352,394,395,402,403,404,405,406,409,421,422,473,477,478,522	0,0,25000,25000,25000,25000	0,133,281,345,577,11,189,421,461,77,297,423,513,119,225,441,561,95,269,361,595,23,213,325,503,37,237,327,467,33,279,311,459,29,165,387,477	48,56,60,64,76,132,134,136,160	8	5,24000,0,-24000,0,0,1,3,2,0,46900,117
220608-f32d5b9b-628a-4c9c-84ea-016617763dab	2,6,7,11,14,41,68,235,279,289,301,310,319,331,339,352,394,395,406,409,421,422,473,474,477,478,514	0,0,25000,25000,25000,25000	0,133,281,345,577,11,189,421,461,77,297,423,513,119,225,441,561,95,269,361,595,23,213,325,503,37,237,327,467,33,279,311,459,29,165,387,477,1893	48,60,64,76,102,132,136	4	5,24000,0,-24000,0,0,1,3,2,0,46900,117
220608-f32d5b9b-628a-4c9c-84ea-016617763dab	2,6,7,11,14,41,68,231,279,289,301,310,319,331,339,352,394,395,406,409,421,422,473,474,477,478,520	0,0,25000,25000,25000,25000	0,133,281,345,577,11,189,421,461,77,297,423,513,119,225,441,561,95,269,361,595,23,213,325,503,37,237,327,467,33,279,311,459,29,165,387,477,1893,107,207,323,571	48,60,64,76,126,132,136	4	5,24000,0,-24000,0,0,1,3,2,0,46900,117
220608-f32d5b9b-628a-4c9c-84ea-016617763dab	2,6,7,11,14,41,68,227,279,289,301,310,319,331,339,352,394,395,406,409,421,422,473,474,477,478,523	0,0,25000,25000,25000,25000	0,133,281,345,577,11,189,421,461,77,297,423,513,119,225,441,561,95,269,361,595,23,213,325,503,37,237,327,467,33,279,311,459,29,165,387,477,1893,107,207,323,571,131,217,387,573	48,60,64,76,132,136,138	2	5,24000,0,-24000,0,0,1,3,2,0,46900,117
220608-f32d5b9b-628a-4c9c-84ea-016617763dab	2,6,7,11,14,41,68,226,279,289,301,310,319,331,339,352,394,395,406,421,422,473,474,477,478,479	0,0,25000,25000,25000,25000	0,133,281,345,577,11,189,421,461,77,297,423,513,119,225,441,561,95,269,361,595,23,213,325,503,37,237,327,467,33,279,311,459,29,165,387,477,1893,107,207,323,571,131,217,387,573,69,287	221,348	1	5,24000,0,-24000,0,0,1,3,2,0,46900,117
220608-f32d5b9b-628a-4c9c-84ea-016617763dab	2,6,7,11,14,41,68,226,279,289,301,310,319,331,339,352,394,395,406,421,422,477,478,479	0,0,25000,25000,25000,25000	0,133,281,345,577,11,189,421,461,77,297,423,513,119,225,441,561,95,269,361,595,23,213,325,503,37,237,327,467,33,279,311,459,29,165,387,477,1893,107,207,323,571,131,217,387,573,69,287,993	48,60,76,136	1	5,24000,0,-24000,0,0,1,3,2,0,46900,117
220608-f32d5b9b-628a-4c9c-84ea-016617763dab	2,6,7,11,14,41,68,224,279,289,301,310,319,331,339,352,394,395,421,422,477,478,479	0,0,25000,25000,25000,25000	0,133,281,345,577,11,189,421,461,77,297,423,513,119,225,441,561,95,269,361,595,23,213,325,503,37,237,327,467,33,279,311,459,29,165,387,477,1893,107,207,323,571,131,217,387,573,69,287,993,65,265,351	221,364,544	2	5,24000,0,-24000,0,0,1,3,2,0,46900,117
220608-f32d5b9b-628a-4c9c-84ea-016617763dab	2,6,8,11,14,41,271,281,290,299,311,319,332,339,349,354,362,373,385,406,417,425,426,442,449,450,469,485,512	0,0,25000,25000,25000,25000	0,133	4,12,24,36,60,72,80,84,94,100,108,128,144	11	14,0,-24000,0,24000,1,3,2,0,1,29300,50
220608-f32d5b9b-628a-4c9c-84ea-016617763dab	2,6,8,11,14,41,267,281,290,299,311,319,332,339,349,354,362,373,385,406,417,425,426,434,442,449,450,485,494	0,0,25000,25000,25000,25000	0,133,281,345,577,11	4,12,22,24,36,60,72,80,84,92,100,108,144	4	14,0,-24000,0,24000,1,3,2,0,1,29300,50
220608-f32d5b9b-628a-4c9c-84ea-016617763dab	2,6,8,11,14,41,263,281,290,299,311,319,332,339,349,354,362,370,373,406,417,425,426,434,442,449,450,485,490	0,0,25000,25000,25000,25000	0,133,281,345,577,11,189,421,461,77	4,6,12,20,24,60,72,80,84,92,100,108,144	12	14,0,-24000,0,24000,1,3,2,0,1,29300,50
220608-f32d5b9b-628a-4c9c-84ea-016617763dab	2,6,8,11,14,41,259,281,290,299,311,319,332,339,349,354,355,362,370,373,406,417,425,426,434,442,449,450,518	0,0,25000,25000,25000,25000	0,133,281,345,577,11,189,421,461,77,297,423,513,119	4,12,20,24,60,72,80,84,92,100,108,118	5	14,0,-24000,0,24000,1,3,2,0,1,29300,50
220608-f32d5b9b-628a-4c9c-84ea-016617763dab	2,6,8,11,14,41,256,281,290,299,311,319,332,339,349,354,355,362,370,373,406,425,426,434,442,449,450,457	0,0,25000,25000,25000,25000	0,133,281,345,577,11,189,421,461,77,297,423,513,119,225,441,561,95	221,283	0	14,0,-24000,0,24000,1,3,2,0,1,29300,50
220608-f32d5b9b-628a-4c9c-84ea-016617763dab	2,6,8,11,14,41,255,281,290,299,311,319,332,339,349,354,355,362,370,373,406,425,426,434,442,449,450,457,513	0,0,25000,25000,25000,25000	0,133,281,345,577,11,189,421,461,77,297,423,513,119,225,441,561,95	4,12,20,24,60,80,84,92,98,100,108,116	11	14,0,-24000,0,24000,1,3,2,0,1,29300,50
220608-f32d5b9b-628a-4c9c-84ea-016617763dab	2,6,8,11,14,41,252,281,290,299,311,319,332,339,349,354,355,362,370,373,406,425,426,434,438,442,449,450	0,0,25000,25000,25000,25000	0,133,281,345,577,11,189,421,461,77,297,423,513,119,225,441,561,95,269,361,595,23	221,230,232	0	14,0,-24000,0,24000,1,3,2,0,1,29300,50
220608-f32d5b9b-628a-4c9c-84ea-016617763dab	2,6,8,11,14,41,251,281,290,299,311,319,332,339,349,354,355,362,370,373,406,425,426,434,438,442,449,450,496	0,0,25000,25000,25000,25000	0,133,281,345,577,11,189,421,461,77,297,423,513,119,225,441,561,95,269,361,595,23	4,12,20,24,30,60,80,84,92,96,100,108	5	14,0,-24000,0,24000,1,3,2,0,1,29300,50
220608-f32d5b9b-628a-4c9c-84ea-016617763dab	2,6,8,11,14,41,248,281,290,299,311,319,332,339,349,354,355,362,370,373,377,425,426,434,438,442,449,450	0,0,25000,25000,25000,25000	0,133,281,345,577,11,189,421,461,77,297,423,513,119,225,441,561,95,269,361,595,23,213,325,503,37	221,249	0	14,0,-24000,0,24000,1,3,2,0,1,29300,50
220608-f32d5b9b-628a-4c9c-84ea-016617763dab	2,6,8,11,14,41,247,281,290,299,311,319,332,339,349,354,355,362,370,373,377,425,426,434,438,442,449,450,517	0,0,25000,25000,25000,25000	0,133,281,345,577,11,189,421,461,77,297,423,513,119,225,441,561,95,269,361,595,23,213,325,503,37	4,12,20,24,28,80,84,92,96,100,108,114	6	14,0,-24000,0,24000,1,3,2,0,1,29300,50
220608-f32d5b9b-628a-4c9c-84ea-016617763dab	2,6,8,11,14,41,244,281,290,299,311,319,332,339,349,354,355,362,370,373,377,425,434,438,442,449,450,453	0,0,25000,25000,25000,25000	0,133,281,345,577,11,189,421,461,77,297,423,513,119,225,441,561,95,269,361,595,23,213,325,503,37,237,327,467,33	221,245	0	14,0,-24000,0,24000,1,3,2,0,1,29300,50
220608-f32d5b9b-628a-4c9c-84ea-016617763dab	2,6,8,11,14,41,243,281,290,299,311,319,332,339,349,354,355,362,370,373,377,425,434,438,442,449,450,453,520	0,0,25000,25000,25000,25000	0,133,281,345,577,11,189,421,461,77,297,423,513,119,225,441,561,95,269,361,595,23,213,325,503,37,237,327,467,33	4,12,20,24,28,80,92,96,100,108,112,126	11	14,0,-24000,0,24000,1,3,2,0,1,29300,50
220608-f32d5b9b-628a-4c9c-84ea-016617763dab	2,6,8,11,14,41,240,281,290,299,311,319,332,339,349,354,355,362,370,373,377,425,434,438,442,449,450,453	0,0,25000,25000,25000,25000	0,133,281,345,577,11,189,421,461,77,297,423,513,119,225,441,561,95,269,361,595,23,213,325,503,37,237,327,467,33,279,311,459,29	221,242	0	14,0,-24000,0,24000,1,3,2,0,1,29300,50
220608-f32d5b9b-628a-4c9c-84ea-016617763dab	2,6,8,11,14,41,239,281,290,299,311,319,332,339,349,354,355,362,370,373,377,425,434,438,442,449,450,453,505	0,0,25000,25000,25000,25000	0,133,281,345,577,11,189,421,461,77,297,423,513,119,225,441,561,95,269,361,595,23,213,325,503,37,237,327,467,33,279,311,459,29	4,12,20,24,28,66,80,92,96,100,108,112	1	14,0,-24000,0,24000,1,3,2,0,1,29300,50
220608-f32d5b9b-628a-4c9c-84ea-016617763dab	2,6,8,11,14,41,68,235,281,290,299,311,319,332,339,349,354,355,370,373,377,409,425,434,438,442,449,450,453	0,0,25000,25000,25000,25000	0,133,281,345,577,11,189,421,461,77,297,423,513,119,225,441,561,95,269,361,595,23,213,325,503,37,237,327,467,33,279,311,459,29,165,387,477,1893,107	221,294,419	0	14,0,-24000,0,24000,1,3,2,0,1,29300,50
220608-f32d5b9b-628a-4c9c-84ea-016617763dab	2,6,8,11,14,41,68,234,281,290,299,311,319,332,339,349,354,355,370,373,377,409,425,434,438,442,449,450,453,502	0,0,25000,25000,25000,25000	0,133,281,345,577,11,189,421,461,77,297,423,513,119,225,441,561,95,269,361,595,23,213,325,503,37,237,327,467,33,279,311,459,29,165,387,477,1893,107	4,20,24,28,54,64,80,92,96,100,108,112	4	14,0,-24000,0,24000,1,3,2,0,1,29300,50
220608-f32d5b9b-628a-4c9c-84ea-016617763dab	2,6,8,11,14,41,68,230,281,290,299,311,319,332,339,349,354,355,370,373,377,409,425,434,438,442,449,450,453,514	0,0,25000,25000,25000,25000	0,133,281,345,577,11,189,421,461,77,297,423,513,119,225,441,561,95,269,361,595,23,213,325,503,37,237,327,467,33,279,311,459,29,165,387,477,1893,107,207,323,571,131	4,20,24,28,64,80,92,96,100,102,108,112	4	14,0,-24000,0,24000,1,3,2,0,1,29300,50
220608-f32d5b9b-628a-4c9c-84ea-016617763dab	2,6,8,11,14,41,68,226,281,290,299,311,319,332,339,349,354,355,370,373,377,425,434,438,442,443,449,450,453,522	0,0,25000,25000,25000,25000	0,133,281,345,577,11,189,421,461,77,297,423,513,119,225,441,561,95,269,361,595,23,213,325,503,37,237,327,467,33,279,311,459,29,165,387,477,1893,107,207,323,571,131,217,387,573,69	4,20,24,28,80,92,96,100,108,112,134	10	14,0,-24000,0,24000,1,3,2,0,1,29300,50
220608-f32d5b9b-628a-4c9c-84ea-016617763dab	2,6,8,11,14,41,68,225,281,290,299,311,319,332,339,349,354,355,370,373,377,425,434,438,442,443,449,450,453,493	0,0,25000,25000,25000,25000	0,133,281,345,577,11,189,421,461,77,297,423,513,119,225,441,561,95,269,361,595,23,213,325,503,37,237,327,467,33,279,311,459,29,165,387,477,1893,107,207,323,571,131,217,387,573,69,287,993,65	4,18,20,24,28,80,92,96,100,108,112	10	14,0,-24000,0,24000,1,3,2,0,1,29300,50
220608-f32d5b9b-628a-4c9c-84ea-016617763dab	2,6,9,11,14,41,270,279,291,299,312,319,329,341,350,358,362,373,381,390,413,414,421,434,438,453,461,481,507	0,0,25000,25000,25000,25000	0,133,281	8,12,24,32,44,68,74,76,92,96,112,120,140	4	8,-24000,0,24000,0,3,2,0,1,3,-100,-120
220608-f32d5b9b-628a-4c9c-84ea-016617763dab	2,6,9,11,14,41,266,279,291,299,312,319,329,341,350,358,362,373,381,413,414,417,421,434,438,453,461,481,518	0,0,25000,25000,25000,25000	0,133,281,345,577,11,189	8,12,24,32,68,72,76,92,96,112,118,120,140	11	8,-24000,0,24000,0,3,2,0,1,3,-100,-120
220608-f32d5b9b-628a-4c9c-84ea-016617763dab	2,6,9,11,14,41,262,279,291,299,312,319,329,341,350,358,362,373,381,413,414,417,421,434,438,453,457,481,519	0,0,25000,25000,25000,25000	0,133,281,345,577,11,189,421,461,77,297	8,12,24,32,68,72,76,92,96,112,116,122,140	11	8,-24000,0,24000,0,3,2,0,1,3,-100,-120
220608-f32d5b9b-628a-4c9c-84ea-016617763dab	2,6,9,11,14,41,259,279,291,299,312,319,329,341,350,358,362,373,381,413,414,417,421,434,438,453,457,481	0,0,25000,25000,25000,25000	0,133,281,345,577,11,189,421,461,77,297,423,513,119,225	221,280	0	8,-24000,0,24000,0,3,2,0,1,3,-100,-120
220608-f32d5b9b-628a-4c9c-84ea-016617763dab	2,6,9,11,14,41,258,279,291,299,312,319,329,341,350,358,362,373,381,413,414,417,421,434,438,453,457,481,504	0,0,25000,25000,25000,25000	0,133,281,345,577,11,189,421,461,77,297,423,513,119,225	8,12,24,32,62,68,72,76,92,96,112,116,140	12	8,-24000,0,24000,0,3,2,0,1,3,-100,-120
220608-f32d5b9b-628a-4c9c-84ea-016617763dab	2,6,9,11,14,41,254,279,291,299,312,319,329,341,350,358,362,373,381,406,413,414,417,421,434,438,453,457,507	0,0,25000,25000,25000,25000	0,133,281,345,577,11,189,421,461,77,297,423,513,119,225,441,561,95,269	8,12,24,32,60,68,72,74,76,92,96,112,116	4	8,-24000,0,24000,0,3,2,0,1,3,-100,-120
220608-f32d5b9b-628a-4c9c-84ea-016617763dab	2,6,9,11,14,41,250,279,291,299,312,319,329,341,350,358,362,373,381,413,414,417,418,421,434,438,453,457,498	0,0,25000,25000,25000,25000	0,133,281,345,577,11,189,421,461,77,297,423,513,119,225,441,561,95,269,361,595,23,213	8,12,24,32,38,68,72,76,92,96,112,116	2	8,-24000,0,24000,0,3,2,0,1,3,-100,-120
220608-f32d5b9b-628a-4c9c-84ea-016617763dab	2,6,9,11,14,41,246,279,291,299,312,319,329,341,350,358,362,381,385,413,414,417,418,421,434,438,453,457,495	0,0,25000,25000,25000,25000	0,133,281,345,577,11,189,421,461,77,297,423,513,119,225,441,561,95,269,361,595,23,213,325,503,37,237	8,12,26,32,36,68,72,76,92,96,112,116	2	8,-24000,0,24000,0,3,2,0,1,3,-100,-120
220608-f32d5b9b-628a-4c9c-84ea-016617763dab	2,6,9,11,14,41,242,279,291,299,312,319,329,341,350,358,362,381,385,413,414,417,418,421,434,438,453,457,491	0,0,25000,25000,25000,25000	0,133,281,345,577,11,189,421,461,77,297,423,513,119,225,441,561,95,269,361,595,23,213,325,503,37,237,327,467,33,279	8,10,12,32,36,68,72,76,92,96,112,116	1	8,-24000,0,24000,0,3,2,0,1,3,-100,-120
220608-f32d5b9b-628a-4c9c-84ea-016617763dab	2,6,9,11,14,41,238,279,291,299,312,319,329,341,350,358,362,381,385,413,414,417,418,421,434,438,453,457,510	0,0,25000,25000,25000,25000	0,133,281,345,577,11,189,421,461,77,297,423,513,119,225,441,561,95,269,361,595,23,213,325,503,37,237,327,467,33,279,311,459,29,165	8,12,32,36,68,72,76,86,92,96,112,116	7	8,-24000,0,24000,0,3,2,0,1,3,-100,-120
220608-f32d5b9b-628a-4c9c-84ea-016617763dab	2,6,9,11,14,41,68,233,279,291,299,312,319,329,341,350,358,362,381,385,413,414,417,418,421,434,438,453,457,494	0,0,25000,25000,25000,25000	0,133,281,345,577,11,189,421,461,77,297,423,513,119,225,441,561,95,269,361,595,23,213,325,503,37,237,327,467,33,279,311,459,29,165,387,477,1893,107,207	8,12,22,32,36,68,72,76,92,96,112,116	2	8,-24000,0,24000,0,3,2,0,1,3,-100,-120
220608-f32d5b9b-628a-4c9c-84ea-016617763dab	2,6,9,11,14,41,68,230,279,291,299,312,319,329,341,350,358,362,381,385,413,414,417,418,421,434,438,453,457	0,0,25000,25000,25000,25000	0,133,281,345,577,11,189,421,461,77,297,423,513,119,225,441,561,95,269,361,595,23,213,325,503,37,237,327,467,33,279,311,459,29,165,387,477,1893,107,207,323,571,131,217	221,274	0	8,-24000,0,24000,0,3,2,0,1,3,-100,-120
220608-f32d5b9b-628a-4c9c-84ea-016617763dab	2,6,9,11,14,41,68,229,279,291,299,312,319,329,341,350,358,362,381,385,413,414,417,418,421,434,438,453,457,510	0,0,25000,25000,25000,25000	0,133,281,345,577,11,189,421,461,77,297,423,513,119,225,441,561,95,269,361,595,23,213,325,503,37,237,327,467,33,279,311,459,29,165,387,477,1893,107,207,323,571,131,217	8,12,32,36,68,72,76,86,92,96,112,116	7	8,-24000,0,24000,0,3,2,0,1,3,-100,-120
220608-f32d5b9b-628a-4c9c-84ea-016617763dab	2,6,9,11,14,41,68,224,279,291,299,312,319,329,341,350,358,362,381,385,413,414,417,418,421,434,438,453,457,501	0,0,25000,25000,25000,25000	0,133,281,345,577,11,189,421,461,77,297,423,513,119,225,441,561,95,269,361,595,23,213,325,503,37,237,327,467,33,279,311,459,29,165,387,477,1893,107,207,323,571,131,217,387,573,69,287,993,65,265	8,12,32,36,50,68,72,76,92,96,112,116	4	8,-24000,0,24000,0,3,2,0,1,3,-100,-120
220608-f32d5b9b-628a-4c9c-84ea-016617763dab	2,6,10,11,14,41,269,279,292,299,309,321,330,339,351,362,377,381,382,390,430,431,438,453,457,469,473,481,505	0,0,25000,25000,25000,25000	0,133,281,345	12,28,32,44,66,88,96,112,116,128,132,140	9	11,0,24000,0,-24000,2,0,1,3,2,23900,-6
220608-f32d5b9b-628a-4c9c-84ea-016617763dab	2,6,10,11,14,41,265,279,292,299,309,321,330,339,351,362,377,381,382,390,409,430,431,438,453,457,473,481,500	0,0,25000,25000,25000,25000	0,133,281,345,577,11,189,421	12,28,32,44,46,64,88,96,112,116,132,140	0	11,0,24000,0,-24000,2,0,1,3,2,23900,-6
220608-f32d5b9b-628a-4c9c-84ea-016617763dab	2,6,10,11,14,41,261,279,292,299,309,321,330,339,351,377,381,382,390,391,409,430,431,438,453,457,473,481,513	0,0,25000,25000,25000,25000	0,133,281,345,577,11,189,421,461,77,297,423	28,32,44,64,88,96,98,112,116,132,140	3	11,0,24000,0,-24000,2,0,1,3,2,23900,-6
220608-f32d5b9b-628a-4c9c-84ea-016617763dab	2,6,10,11,14,41,257,279,292,299,309,321,330,339,351,377,381,382,390,391,430,431,438,439,453,457,473,481,518	0,0,25000,25000,25000,25000	0,133,281,345,577,11,189,421,461,77,297,423,513,119,225,441	28,32,44,88,96,112,116,118,132,140	5	11,0,24000,0,-24000,2,0,1,3,2,23900,-6
220608-f32d5b9b-628a-4c9c-84ea-016617763dab	2,6,10,11,14,41,256,279,292,299,309,321,330,339,351,377,381,382,390,391,430,431,438,439,457,458,473,481	0,0,25000,25000,25000,25000	0,133,281,345,577,11,189,421,461,77,297,423,513,119,225,441,561,95	221,335	0	11,0,24000,0,-24000,2,0,1,3,2,23900,-6
220608-f32d5b9b-628a-4c9c-84ea-016617763dab	2,6,10,11,14,41,255,279,292,299,309,321,330,339,351,377,381,382,390,391,430,431,438,439,457,458,473,481	0,0,25000,25000,25000,25000	0,133,281,345,577,11,189,421,461,77,297,423,513,119,225,441,561,95,269	221,384	0	11,0,24000,0,-24000,2,0,1,3,2,23900,-6
220608-f32d5b9b-628a-4c9c-84ea-016617763dab	2,6,10,11,14,41,253,279,292,299,309,321,330,339,351,377,381,382,390,391,430,431,438,439,457,458,473,481,525	0,0,25000,25000,25000,25000	0,133,281,345,577,11,189,421,461,77,297,423,513,119,225,441,561,95,269,361	28,32,44,88,96,116,132,140,146	8	11,0,24000,0,-24000,2,0,1,3,2,23900,-6
220608-f32d5b9b-628a-4c9c-84ea-016617763dab	2,6,10,11,14,41,250,279,292,299,309,321,330,339,351,377,381,382,390,391,430,431,438,439,457,458,473,481	0,0,25000,25000,25000,25000	0,133,281,345,577,11,189,421,461,77,297,423,513,119,225,441,561,95,269,361,595,23,213,325	221,244	0	11,0,24000,0,-24000,2,0,1,3,2,23900,-6
220608-f32d5b9b-628a-4c9c-84ea-016617763dab	2,6,10,11,14,41,249,279,292,299,309,321,330,339,351,377,381,382,390,391,430,431,438,439,457,458,473,481,502	0,0,25000,25000,25000,25000	0,133,281,345,577,11,189,421,461,77,297,423,513,119,225,441,561,95,269,361,595,23,213,325	28,32,44,54,88,96,116,132,140	3	11,0,24000,0,-24000,2,0,1,3,2,23900,-6
220608-f32d5b9b-628a-4c9c-84ea-016617763dab	2,6,10,11,14,41,248,279,292,299,309,321,330,339,351,377,381,382,390,391,430,431,438,439,457,458,473,481	0,0,25000,25000,25000,25000	0,133,281,345,577,11,189,421,461,77,297,423,513,119,225,441,561,95,269,361,595,23,213,325,503,37	221,321	0	11,0,24000,0,-24000,2,0,1,3,2,23900,-6
220608-f32d5b9b-628a-4c9c-84ea-016617763dab	2,6,10,11,14,41,246,279,292,299,309,321,330,339,351,377,381,382,390,391,430,431,438,439,457,458,473,481	0,0,25000,25000,25000,25000	0,133,281,345,577,11,189,421,461,77,297,423,513,119,225,441,561,95,269,361,595,23,213,325,503,37,237,327	221,244	0	11,0,24000,0,-24000,2,0,1,3,2,23900,-6
220608-f32d5b9b-628a-4c9c-84ea-016617763dab	2,6,10,11,14,41,245,279,292,299,309,321,330,339,351,377,381,382,390,391,430,431,438,439,457,458,473,481,493	0,0,25000,25000,25000,25000	0,133,281,345,577,11,189,421,461,77,297,423,513,119,225,441,561,95,269,361,595,23,213,325,503,37,237,327	18,28,32,44,88,96,116,132,140	0	11,0,24000,0,-24000,2,0,1,3,2,23900,-6
220608-f32d5b9b-628a-4c9c-84ea-016617763dab	2,6,10,11,14,41,241,279,292,299,309,321,330,339,351,377,381,382,390,391,430,431,438,439,457,458,473,481,491	0,0,25000,25000,25000,25000	0,133,281,345,577,11,189,421,461,77,297,423,513,119,225,441,561,95,269,361,595,23,213,325,503,37,237,327,467,33,279,311	10,28,32,44,88,96,116,132,140	0	11,0,24000,0,-24000,2,0,1,3,2,23900,-6
220608-f32d5b9b-628a-4c9c-84ea-016617763dab	2,6,10,11,14,41,237,279,292,299,309,321,330,339,351,377,381,382,390,391,430,431,438,439,457,458,473,481,520	0,0,25000,25000,25000,25000	0,133,281,345,577,11,189,421,461,77,297,423,513,119,225,441,561,95,269,361,595,23,213,325,503,37,237,327,467,33,279,311,459,29,165,387	28,32,44,88,96,116,126,132,140	0	11,0,24000,0,-24000,2,0,1,3,2,23900,-6
220608-f32d5b9b-628a-4c9c-84ea-016617763dab	2,6,10,11,14,41,68,232,279,292,299,309,321,330,339,351,381,382,390,391,430,431,438,439,457,458,465,473,481,519	0,0,25000,25000,25000,25000	0,133,281,345,577,11,189,421,461,77,297,423,513,119,225,441,561,95,269,361,595,23,213,325,503,37,237,327,467,33,279,311,459,29,165,387,477,1893,107,207,323	32,44,88,96,116,122,124,132,140	5	11,0,24000,0,-24000,2,0,1,3,2,23900,-6
220608-f32d5b9b-628a-4c9c-84ea-016617763dab	2,6,10,11,14,41,68,228,279,292,299,309,321,330,339,351,381,382,390,391,430,431,438,439,457,458,465,473,481,490	0,0,25000,25000,25000,25000	0,133,281,345,577,11,189,421,461,77,297,423,513,119,225,441,561,95,269,361,595,23,213,325,503,37,237,327,467,33,279,311,459,29,165,387,477,1893,107,207,323,571,131,217,387	6,32,44,88,96,116,124,132,140	6	11,0,24000,0,-24000,2,0,1,3,2,23900,-6
220608-f32d5b9b-628a-4c9c-84ea-016617763dab	2,6,7,11,14,33,272,279,289,301,310,319,332,339,351,354,358,373,374,381,402,409,417,421,434,442,443,449,517	1,0,49000,25000,1000,25000	0	4,8,24,32,56,64,72,76,92,100,108,112	7	1,-2100,4300,-1100,-1100,0,1,3,2,0,46900,117
220608-f32d5b9b-628a-4c9c-84ea-016617763dab	2,6,7,11,14,33,271,279,289,301,310,319,332,339,351,354,358,373,374,381,402,409,417,434,442,443,449,453,519	1,0,49000,25000,1000,25000	0,81,1338,465	4,8,24,32,56,64,72,92,100,108,112,122	11	1,-2100,4300,-1100,-1100,0,1,3,2,0,46900,117
220608-f32d5b9b-628a-4c9c-84ea-016617763dab	2,6,7,11,14,33,267,279,289,301,310,319,332,339,351,354,358,373,374,381,402,409,417,434,442,443,449,453,497	1,0,49000,25000,1000,25000	0,81,1338,465,127,285,385,485	4,8,24,32,34,56,64,72,92,100,108,112	0	1,-2100,4300,-1100,-1100,0,1,3,2,0,46900,117
220608-f32d5b9b-628a-4c9c-84ea-016617763dab	2,6,7,11,14,33,263,279,289,301,310,319,332,339,351,358,373,374,381,382,402,409,417,434,442,443,449,453,518	1,0,49000,25000,1000,25000	0,81,1338,465,127,285,385,485,9,157,409,495	8,24,32,56,64,72,92,100,108,112,118	0	1,-2100,4300,-1100,-1100,0,1,3,2,0,46900,117
220608-f32d5b9b-628a-4c9c-84ea-016617763dab	2,6,7,11,14,33,261,279,289,301,310,319,332,339,351,373,374,381,382,402,409,417,434,442,443,449,453,457,503	1,0,49000,25000,1000,25000	0,81,1338,465,127,285,385,485,9,157,409,495,13,295,1395,569	24,32,56,58,64,72,92,100,108,112,116	6	1,-2100,4300,-1100,-1100,0,1,3,2,0,46900,117
220608-f32d5b9b-628a-4c9c-84ea-016617763dab	2,6,7,11,14,33,257,279,289,301,310,319,332,339,351,373,374,381,382,402,403,409,417,442,443,449,453,457,500	1,0,49000,25000,1000,25000	0,81,1338,465,127,285,385,485,9,157,409,495,13,295,1395,569,97,169,321,585	24,32,46,56,64,72,100,108,112,116	2	1,-2100,4300,-1100,-1100,0,1,3,2,0,46900,117
220608-f32d5b9b-628a-4c9c-84ea-016617763dab	2,6,7,11,14,33,255,279,289,301,310,319,332,339,351,373,374,381,382,402,403,409,417,442,443,449,453,457	1,0,49000,25000,1000,25000	0,81,1338,465,127,285,385,485,9,157,409,495,13,295,1395,569,97,169,321,585,51,225,333	221,361	1	1,-2100,4300,-1100,-1100,0,1,3,2,0,46900,117
220608-f32d5b9b-628a-4c9c-84ea-016617763dab	2,6,7,11,14,33,255,279,289,301,310,319,332,339,351,373,374,402,403,409,417,442,443,449,453,457	1,0,49000,25000,1000,25000	0,81,1338,465,127,285,385,485,9,157,409,495,13,295,1395,569,97,169,321,585,51,225,333,1006	24,56,64,72,100,108,112,116	7	1,-2100,4300,-1100,-1100,0,1,3,2,0,46900,117
220608-f32d5b9b-628a-4c9c-84ea-016617763dab	2,6,7,11,14,33,253,279,289,301,310,319,332,339,351,373,374,402,403,409,417,442,443,449,453	1,0,49000,25000,1000,25000	0,81,1338,465,127,285,385,485,9,157,409,495,13,295,1395,569,97,169,321,585,51,225,333,1006,121,291,329,1085,177	221,319	1	1,-2100,4300,-1100,-1100,0,1,3,2,0,46900,117
220608-f32d5b9b-628a-4c9c-84ea-016617763dab	2,6,7,11,14,33,253,279,289,301,310,319,332,339,351,402,403,409,417,442,443,449,453	1,0,49000,25000,1000,25000	0,81,1338,465,127,285,385,485,9,157,409,495,13,295,1395,569,97,169,321,585,51,225,333,1006,121,291,329,1085,177,964	56,64,72,100,108,112	4	1,-2100,4300,-1100,-1100,0,1,3,2,0,46900,117
220608-f32d5b9b-628a-4c9c-84ea-016617763dab	2,6,7,11,14,33,249,279,289,301,310,319,332,339,351,402,403,409,417,442,443,453,510	1,0,49000,25000,1000,25000	0,81,1338,465,127,285,385,485,9,157,409,495,13,295,1395,569,97,169,321,585,51,225,333,1006,121,291,329,1085,177,964,113,155,423,503	56,64,72,86,100,112	3	1,-2100,4300,-1100,-1100,0,1,3,2,0,46900,117
220608-f32d5b9b-628a-4c9c-84ea-016617763dab	2,6,7,11,14,33,245,279,289,301,310,319,332,339,351,402,403,409,417,442,443,453,500	1,0,49000,25000,1000,25000	0,81,1338,465,127,285,385,485,9,157,409,495,13,295,1395,569,97,169,321,585,51,225,333,1006,121,291,329,1085,177,964,113,155,423,503,91,287,427,559	46,56,64,72,100,112	0	1,-2100,4300,-1100,-1100,0,1,3,2,0,46900,117
220608-f32d5b9b-628a-4c9c-84ea-016617763dab	2,6,7,11,14,33,241,279,289,301,310,319,332,339,351,402,403,409,417,442,443,453,515	1,0,49000,25000,1000,25000	0,81,1338,465,127,285,385,485,9,157,409,495,13,295,1395,569,97,169,321,585,51,225,333,1006,121,291,329,1085,177,964,113,155,423,503,91,287,427,559,51,299,435,547	56,64,72,100,106,112	5	1,-2100,4300,-1100,-1100,0,1,3,2,0,46900,117
220608-f32d5b9b-628a-4c9c-84ea-016617763dab	2,6,8,11,14,33,272,281,290,299,312,319,331,339,349,373,377,378,394,409,413,417,434,438,445,449,453,473	1,0,25000,1000,25000,49000	0,81	221,281	0	0,4300,-1100,-1100,-2100,1,3,2,0,1,29300,50
220608-f32d5b9b-628a-4c9c-84ea-016617763dab	2,6,8,11,14,33,270,281,290,299,312,319,331,339,349,373,377,378,394,409,413,417,434,438,445,449,453,473,490	1,0,25000,1000,25000,49000	0,81,1338,465,127	6,24,28,48,64,68,72,92,96,104,108,112,132	12	0,4300,-1100,-1100,-2100,1,3,2,0,1,29300,50
220608-f32d5b9b-628a-4c9c-84ea-016617763dab	2,6,8,11,14,33,266,281,290,299,312,319,331,339,349,354,373,377,378,394,409,413,417,434,438,445,449,453,493	1,0,25000,1000,25000,49000	0,81,1338,465,127,285,385,485,9	4,18,24,28,48,64,68,72,92,96,104,108,112	0	0,4300,-1100,-1100,-2100,1,3,2,0,1,29300,50
220608-f32d5b9b-628a-4c9c-84ea-016617763dab	2,6,8,11,14,33,262,281,290,299,312,319,331,339,349,366,373,377,378,394,409,413,417,434,438,445,449,453,524	1,0,25000,1000,25000,49000	0,81,1338,465,127,285,385,485,9,157,409,495,13	16,24,28,48,64,68,72,92,96,104,108,112,142	12	0,4300,-1100,-1100,-2100,1,3,2,0,1,29300,50
220608-f32d5b9b-628a-4c9c-84ea-016617763dab	2,6,8,11,14,33,260,281,290,299,312,319,331,339,349,366,373,377,378,394,409,413,417,434,438,445,449,453,501	1,0,25000,1000,25000,49000	0,81,1338,465,127,285,385,485,9,157,409,495,13,295,1395,569,97	16,24,28,48,50,64,68,72,92,96,104,108,112	0	0,4300,-1100,-1100,-2100,1,3,2,0,1,29300,50
220608-f32d5b9b-628a-4c9c-84ea-016617763dab	2,6,8,11,14,33,256,281,290,299,312,319,331,339,349,373,377,378,394,395,409,413,417,434,438,445,449,453,499	1,0,25000,1000,25000,49000	0,81,1338,465,127,285,385,485,9,157,409,495,13,295,1395,569,97,169,321,585,51	24,28,42,48,64,68,72,92,96,104,108,112	6	0,4300,-1100,-1100,-2100,1,3,2,0,1,29300,50
220608-f32d5b9b-628a-4c9c-84ea-016617763dab	2,6,8,11,14,33,255,281,290,299,312,319,331,339,349,373,377,378,389,394,395,409,413,434,438,445,449,453	1,0,25000,1000,25000,49000	0,81,1338,465,127,285,385,485,9,157,409,495,13,295,1395,569,97,169,321,585,51,225,333,1006,121	221,311	0	0,4300,-1100,-1100,-2100,1,3,2,0,1,29300,50
220608-f32d5b9b-628a-4c9c-84ea-016617763dab	2,6,8,11,14,33,254,281,290,299,312,319,331,339,349,373,377,378,389,394,395,409,413,434,438,445,449,453,523	1,0,25000,1000,25000,49000	0,81,1338,465,127,285,385,485,9,157,409,495,13,295,1395,569,97,169,321,585,51,225,333,1006,121	24,28,40,48,64,68,92,96,104,108,112,138	11	0,4300,-1100,-1100,-2100,1,3,2,0,1,29300,50
220608-f32d5b9b-628a-4c9c-84ea-016617763dab	2,6,8,11,14,33,253,281,290,299,312,319,331,339,349,373,377,378,389,394,395,409,413,434,438,445,449,453	1,0,25000,1000,25000,49000	0,81,1338,465,127,285,385,485,9,157,409,495,13,295,1395,569,97,169,321,585,51,225,333,1006,121,291,329	221,320	1	0,4300,-1100,-1100,-2100,1,3,2,0,1,29300,50
220608-f32d5b9b-628a-4c9c-84ea-016617763dab	2,6,8,11,14,33,253,281,290,299,312,319,331,339,349,373,389,394,395,409,413,434,438,445,449,453	1,0,25000,1000,25000,49000	0,81,1338,465,127,285,385,485,9,157,409,495,13,295,1395,569,97,169,321,585,51,225,333,1006,121,291,329,1085	24,40,48,64,68,92,96,104,108,112	0	0,4300,-1100,-1100,-2100,1,3,2,0,1,29300,50
220608-f32d5b9b-628a-4c9c-84ea-016617763dab	2,6,8,11,14,33,253,281,290,299,312,319,331,339,349,389,394,395,409,413,434,438,445,449,453	1,0,25000,1000,25000,49000	0,81,1338,465,127,285,385,485,9,157,409,495,13,295,1395,569,97,169,321,585,51,225,333,1006,121,291,329,1085,177,964,113	221,307	0	0,4300,-1100,-1100,-2100,1,3,2,0,1,29300,50
220608-f32d5b9b-628a-4c9c-84ea-016617763dab	2,6,8,11,14,33,252,281,290,299,312,319,331,339,349,389,394,395,409,413,434,438,445,449,453,489	1,0,25000,1000,25000,49000	0,81,1338,465,127,285,385,485,9,157,409,495,13,295,1395,569,97,169,321,585,51,225,333,1006,121,291,329,1085,177,964,113	2,40,48,64,68,92,96,104,108,112	0	0,4300,-1100,-1100,-2100,1,3,2,0,1,29300,50
220608-f32d5b9b-628a-4c9c-84ea-016617763dab	2,6,8,11,14,33,248,281,290,299,312,319,331,339,349,389,394,395,409,413,434,438,445,449,453,522	1,0,25000,1000,25000,49000	0,81,1338,465,127,285,385,485,9,157,409,495,13,295,1395,569,97,169,321,585,51,225,333,1006,121,291,329,1085,177,964,113,155,423,503,91	40,48,64,68,92,96,104,108,112,134	9	0,4300,-1100,-1100,-2100,1,3,2,0,1,29300,50
220608-f32d5b9b-628a-4c9c-84ea-016617763dab	2,6,8,11,14,33,244,281,290,299,312,319,331,339,349,389,394,395,409,413,434,438,445,449,453,525	1,0,25000,1000,25000,49000	0,81,1338,465,127,285,385,485,9,157,409,495,13,295,1395,569,97,169,321,585,51,225,333,1006,121,291,329,1085,177,964,113,155,423,503,91,287,427,559,51	40,48,64,68,92,96,104,108,112,146	9	0,4300,-1100,-1100,-2100,1,3,2,0,1,29300,50
220608-f32d5b9b-628a-4c9c-84ea-016617763dab	2,6,8,11,14,33,241,281,290,299,312,319,331,339,349,389,394,395,409,413,434,438,445,449,453	1,0,25000,1000,25000,49000	0,81,1338,465,127,285,385,485,9,157,409,495,13,295,1395,569,97,169,321,585,51,225,333,1006,121,291,329,1085,177,964,113,155,423,503,91,287,427,559,51,299,435,547,117	221,309	0	0,4300,-1100,-1100,-2100,1,3,2,0,1,29300,50
220608-f32d5b9b-628a-4c9c-84ea-016617763dab	2,6,8,11,14,33,240,281,290,299,312,319,331,339,349,389,394,395,409,413,434,438,445,449,453,511	1,0,25000,1000,25000,49000	0,81,1338,465,127,285,385,485,9,157,409,495,13,295,1395,569,97,169,321,585,51,225,333,1006,121,291,329,1085,177,964,113,155,423,503,91,287,427,559,51,299,435,547,117	40,48,64,68,90,92,96,104,108,112,219	10	0,4300,-1100,-1100,-2100,1,3,2,0,1,29300,50
220608-f32d5b9b-628a-4c9c-84ea-016617763dab	2,6,9,11,14,33,269,279,292,299,311,319,329,341,350,358,362,370,377,381,398,402,409,410,417,426,438,449,504	1,0,1000,25000,49000,25000	0,81,1338,465,127,285	8,12,20,28,32,52,56,62,64,72,84,96,108	10	3,-1100,-1100,-2100,4300,3,2,0,1,3,-100,-120
220608-f32d5b9b-628a-4c9c-84ea-016617763dab	2,6,9,11,14,33,266,279,292,299,311,319,329,341,350,358,362,370,377,381,398,402,406,409,410,417,438,449	1,0,1000,25000,49000,25000	0,81,1338,465,127,285,385,485,9,157	221,222	0	3,-1100,-1100,-2100,4300,3,2,0,1,3,-100,-120
220608-f32d5b9b-628a-4c9c-84ea-016617763dab	2,6,9,11,14,33,265,279,292,299,311,319,329,341,350,358,362,370,377,381,398,402,406,409,410,417,438,449,512	1,0,1000,25000,49000,25000	0,81,1338,465,127,285,385,485,9,157	8,12,20,28,32,52,56,60,64,72,94,96,108	12	3,-1100,-1100,-2100,4300,3,2,0,1,3,-100,-120
220608-f32d5b9b-628a-4c9c-84ea-016617763dab	2,6,9,11,14,33,260,279,292,299,311,319,329,341,350,358,362,370,377,381,398,402,406,409,410,417,434,438	1,0,1000,25000,49000,25000	0,81,1338,465,127,285,385,485,9,157,409,495,13,295,1395,569,97,169	221,229,230	0	3,-1100,-1100,-2100,4300,3,2,0,1,3,-100,-120
220608-f32d5b9b-628a-4c9c-84ea-016617763dab	2,6,9,11,14,33,259,279,292,299,311,319,329,341,350,358,362,370,377,381,398,402,406,409,410,417,434,438,506	1,0,1000,25000,49000,25000	0,81,1338,465,127,285,385,485,9,157,409,495,13,295,1395,569,97,169	8,12,20,28,32,52,56,60,64,70,72,92,96	2	3,-1100,-1100,-2100,4300,3,2,0,1,3,-100,-120
220608-f32d5b9b-628a-4c9c-84ea-016617763dab	2,6,9,11,14,33,256,279,292,299,311,319,329,341,350,358,362,377,381,398,402,406,409,410,413,417,434,438	1,0,1000,25000,49000,25000	0,81,1338,465,127,285,385,485,9,157,409,495,13,295,1395,569,97,169,321,585,51,225	221,279	0	3,-1100,-1100,-2100,4300,3,2,0,1,3,-100,-120
220608-f32d5b9b-628a-4c9c-84ea-016617763dab	2,6,9,11,14,33,255,279,292,299,311,319,329,341,350,358,362,377,381,398,402,406,409,410,413,417,434,438,490	1,0,1000,25000,49000,25000	0,81,1338,465,127,285,385,485,9,157,409,495,13,295,1395,569,97,169,321,585,51,225	6,8,12,28,32,52,56,60,64,68,72,92,96	4	3,-1100,-1100,-2100,4300,3,2,0,1,3,-100,-120
220608-f32d5b9b-628a-4c9c-84ea-016617763dab	2,6,9,11,14,33,253,279,292,299,311,319,329,341,350,354,358,362,377,398,402,406,409,410,413,417,434,438,523	1,0,1000,25000,49000,25000	0,81,1338,465,127,285,385,485,9,157,409,495,13,295,1395,569,97,169,321,585,51,225,333,1006,121,291	4,8,12,28,52,56,60,64,68,72,92,96,138	3	3,-1100,-1100,-2100,4300,3,2,0,1,3,-100,-120
220608-f32d5b9b-628a-4c9c-84ea-016617763dab	2,6,9,11,14,33,251,279,292,299,311,319,329,341,350,354,358,362,398,402,406,409,410,413,417,434,438,477,519	1,0,1000,25000,49000,25000	0,81,1338,465,127,285,385,485,9,157,409,495,13,295,1395,569,97,169,321,585,51,225,333,1006,121,291,329,1085,177,964,113,155	4,8,12,52,56,60,64,68,72,92,96,122,136	11	3,-1100,-1100,-2100,4300,3,2,0,1,3,-100,-120
220608-f32d5b9b-628a-4c9c-84ea-016617763dab	2,6,9,11,14,33,247,279,292,299,311,319,329,341,350,354,358,362,398,402,406,409,410,413,417,434,438,477,520	1,0,1000,25000,49000,25000	0,81,1338,465,127,285,385,485,9,157,409,495,13,295,1395,569,97,169,321,585,51,225,333,1006,121,291,329,1085,177,964,113,155,423,503,91,287	4,8,12,52,56,60,64,68,72,92,96,126,136	11	3,-1100,-1100,-2100,4300,3,2,0,1,3,-100,-120
220608-f32d5b9b-628a-4c9c-84ea-016617763dab	2,6,9,11,14,33,243,279,292,299,311,319,329,341,350,354,358,362,398,402,406,409,410,413,417,434,438,477,522	1,0,1000,25000,49000,25000	0,81,1338,465,127,285,385,485,9,157,409,495,13,295,1395,569,97,169,321,585,51,225,333,1006,121,291,329,1085,177,964,113,155,423,503,91,287,427,559,51,299	4,8,12,52,56,60,64,68,72,92,96,134,136	11	3,-1100,-1100,-2100,4300,3,2,0,1,3,-100,-120
220608-f32d5b9b-628a-4c9c-84ea-016617763dab	2,6,10,11,14,33,272,279,291,299,309,321,330,339,352,366,385,413,417,421,422,461,465,469,470,471,481,482	1,0,25000,49000,25000,1000	0,81	221,333	1	2,-1100,-2100,4300,-1100,2,0,1,3,2,23900,-6
220608-f32d5b9b-628a-4c9c-84ea-016617763dab	2,6,10,11,14,33,272,279,291,299,309,321,330,339,352,366,385,413,417,461,465,469,470,471,481,482	1,0,25000,49000,25000,1000	0,81,1338	16,36,68,72,120,124,128,140	0	2,-1100,-2100,4300,-1100,2,0,1,3,2,23900,-6
220608-f32d5b9b-628a-4c9c-84ea-016617763dab	2,6,10,11,14,33,268,279,291,299,309,321,330,339,352,385,413,417,461,465,469,470,471,481,482,523	1,0,25000,49000,25000,1000	0,81,1338,465,127,285,385	36,68,72,120,124,128,138,140	0	2,-1100,-2100,4300,-1100,2,0,1,3,2,23900,-6
220608-f32d5b9b-628a-4c9c-84ea-016617763dab	2,6,10,11,14,33,264,279,291,299,309,321,330,339,352,413,417,461,465,469,470,471,477,481,482,500	1,0,25000,49000,25000,1000	0,81,1338,465,127,285,385,485,9,157,409	46,68,72,120,124,128,136,140	0	2,-1100,-2100,4300,-1100,2,0,1,3,2,23900,-6
220608-f32d5b9b-628a-4c9c-84ea-016617763dab	2,6,10,11,14,33,262,279,291,299,309,321,330,339,352,413,417,461,465,469,470,471,477,481,482	1,0,25000,49000,25000,1000	0,81,1338,465,127,285,385,485,9,157,409,495,13,295	221,390	1	2,-1100,-2100,4300,-1100,2,0,1,3,2,23900,-6
220608-f32d5b9b-628a-4c9c-84ea-016617763dab	2,6,10,11,14,33,262,279,291,299,309,321,330,339,352,413,417,461,465,469,470,471,477	1,0,25000,49000,25000,1000	0,81,1338,465,127,285,385,485,9,157,409,495,13,295,1395	68,72,120,124,128,136	2	2,-1100,-2100,4300,-1100,2,0,1,3,2,23900,-6
220608-f32d5b9b-628a-4c9c-84ea-016617763dab	2,6,10,11,14,33,258,279,291,299,309,321,330,339,352,413,417,465,469,470,471,477,520	1,0,25000,49000,25000,1000	0,81,1338,465,127,285,385,485,9,157,409,495,13,295,1395,569,97,169,321	68,72,124,126,128,136	5	2,-1100,-2100,4300,-1100,2,0,1,3,2,23900,-6
220608-f32d5b9b-628a-4c9c-84ea-016617763dab	2,6,10,11,14,33,250,279,291,299,309,321,330,339,352,413,417,465,466,469,470,471,502	1,0,25000,49000,25000,1000	0,81,1338,465,127,285,385,485,9,157,409,495,13,295,1395,569,97,169,321,585,51,225,333,1006,121,291,329,1085,177,964,113,155,423	54,68,72,124,128	0	2,-1100,-2100,4300,-1100,2,0,1,3,2,23900,-6
220608-f32d5b9b-628a-4c9c-84ea-016617763dab	2,6,10,11,14,33,247,279,291,299,309,321,330,339,352,413,417,465,466,469,470,471	1,0,25000,49000,25000,1000	0,81,1338,465,127,285,385,485,9,157,409,495,13,295,1395,569,97,169,321,585,51,225,333,1006,121,291,329,1085,177,964,113,155,423,503,91,287,427	221,426	0	2,-1100,-2100,4300,-1100,2,0,1,3,2,23900,-6
220608-f32d5b9b-628a-4c9c-84ea-016617763dab	2,6,10,11,14,33,246,279,291,299,309,321,330,339,352,413,417,465,466,469,470,471,516	1,0,25000,49000,25000,1000	0,81,1338,465,127,285,385,485,9,157,409,495,13,295,1395,569,97,169,321,585,51,225,333,1006,121,291,329,1085,177,964,113,155,423,503,91,287,427	68,72,110,124,128	2	2,-1100,-2100,4300,-1100,2,0,1,3,2,23900,-6
220608-f32d5b9b-628a-4c9c-84ea-016617763dab	2,6,10,11,14,33,242,279,291,299,309,321,330,339,352,413,417,465,466,469,470,471,513	1,0,25000,49000,25000,1000	0,81,1338,465,127,285,385,485,9,157,409,495,13,295,1395,569,97,169,321,585,51,225,333,1006,121,291,329,1085,177,964,113,155,423,503,91,287,427,559,51,299,435	68,72,98,124,128	2	2,-1100,-2100,4300,-1100,2,0,1,3,2,23900,-6
